count
	[]: 0
	[0]: 1
	[0, 0, 0, 0, 0]: 5
	[1]: 1
	[1, 1, 1, 1, 1]: 5
	[-1, 1]: 2
	[-1, 1, -1]: 3
	[1, 2, 3, 4]: 4
	[1, 2, 4, 4]: 4
	[1, 2, 3, 4, 5]: 5
	[5, 4, 2, 3, 1]: 5
	[5, 5, 5, 5, 5, 5, 6]: 7
	[5, 5, 5, 5, 5, 5, 5]: 7
	[-1000000000, 1000000000]: 2
summate
	[]: 0
	[0]: 0
	[0, 0, 0, 0, 0]: 0
	[1]: 1
	[1, 1, 1, 1, 1]: 5
	[-1, 1]: 0
	[-1, 1, -1]: -1
	[1, 2, 3, 4]: 10
	[1, 2, 4, 4]: 11
	[1, 2, 3, 4, 5]: 15
	[5, 4, 2, 3, 1]: 15
	[5, 5, 5, 5, 5, 5, 6]: 36
	[5, 5, 5, 5, 5, 5, 5]: 35
	[-1000000000, 1000000000]: 0
mean
	[]: None
	[0]: 0.0
	[0, 0, 0, 0, 0]: 0.0
	[1]: 1.0
	[1, 1, 1, 1, 1]: 1.0
	[-1, 1]: 0.0
	[-1, 1, -1]: -0.33
	[1, 2, 3, 4]: 2.5
	[1, 2, 4, 4]: 2.75
	[1, 2, 3, 4, 5]: 3.0
	[5, 4, 2, 3, 1]: 3.0
	[5, 5, 5, 5, 5, 5, 6]: 5.14
	[5, 5, 5, 5, 5, 5, 5]: 5.0
	[-1000000000, 1000000000]: 0.0
maximum
	[]: None
	[0]: 0
	[0, 0, 0, 0, 0]: 0
	[1]: 1
	[1, 1, 1, 1, 1]: 1
	[-1, 1]: 1
	[-1, 1, -1]: 1
	[1, 2, 3, 4]: 4
	[1, 2, 4, 4]: 4
	[1, 2, 3, 4, 5]: 5
	[5, 4, 2, 3, 1]: 5
	[5, 5, 5, 5, 5, 5, 6]: 6
	[5, 5, 5, 5, 5, 5, 5]: 5
	[-1000000000, 1000000000]: 1000000000
minimum
	[]: None
	[0]: 0
	[0, 0, 0, 0, 0]: 0
	[1]: 1
	[1, 1, 1, 1, 1]: 1
	[-1, 1]: -1
	[-1, 1, -1]: -1
	[1, 2, 3, 4]: 1
	[1, 2, 4, 4]: 1
	[1, 2, 3, 4, 5]: 1
	[5, 4, 2, 3, 1]: 1
	[5, 5, 5, 5, 5, 5, 6]: 5
	[5, 5, 5, 5, 5, 5, 5]: 5
	[-1000000000, 1000000000]: -1000000000
median
	[]: None
	[0]: 0
	[0, 0, 0, 0, 0]: 0
	[1]: 1
	[1, 1, 1, 1, 1]: 1
	[-1, 1]: 1
	[-1, 1, -1]: -1
	[1, 2, 3, 4]: 3
	[1, 2, 4, 4]: 4
	[1, 2, 3, 4, 5]: 3
	[5, 4, 2, 3, 1]: 3
	[5, 5, 5, 5, 5, 5, 6]: 5
	[5, 5, 5, 5, 5, 5, 5]: 5
	[-1000000000, 1000000000]: 1000000000
square
	[]: []
	[0]: [0]
	[0, 0, 0, 0, 0]: [0, 0, 0, 0, 0]
	[1]: [1]
	[1, 1, 1, 1, 1]: [1, 1, 1, 1, 1]
	[-1, 1]: [1, 1]
	[-1, 1, -1]: [1, 1, 1]
	[1, 2, 3, 4]: [1, 4, 9, 16]
	[1, 2, 4, 4]: [1, 4, 16, 16]
	[1, 2, 3, 4, 5]: [1, 4, 9, 16, 25]
	[5, 4, 2, 3, 1]: [25, 16, 4, 9, 1]
	[5, 5, 5, 5, 5, 5, 6]: [25, 25, 25, 25, 25, 25, 36]
	[5, 5, 5, 5, 5, 5, 5]: [25, 25, 25, 25, 25, 25, 25]
	[-1000000000, 1000000000]: [1000000000000000000, 1000000000000000000]
standard_deviation
	[]: None
	[0]: None
	[0, 0, 0, 0, 0]: 0.0
	[1]: None
	[1, 1, 1, 1, 1]: 0.0
	[-1, 1]: 1.41
	[-1, 1, -1]: 1.15
	[1, 2, 3, 4]: 1.29
	[1, 2, 4, 4]: 1.5
	[1, 2, 3, 4, 5]: 1.58
	[5, 4, 2, 3, 1]: 1.58
	[5, 5, 5, 5, 5, 5, 6]: 0.38
	[5, 5, 5, 5, 5, 5, 5]: 0.0
	[-1000000000, 1000000000]: 1414213562.37
