00000000000100000000000000000000
00000000001111100000000000000000
00000000011111111111110000000000
00000000011111111111111000000000
00000000111111111111111100000000
00000000111111111111111100000000
00000001111111111111111100000000
00000001111111001111111000000000
00000001111110000000000000000000
00000001111111000000000000000000
00000011111111110000000000000000
00000011111111111100000000000000
00000011111111111100000000000000
00000111111111111110000000000000
00000011111111111111000000000000
00000001111111111111110000000000
00000001111000001111110000000000
00000000000000000111110000000000
00000000000000000111110000000000
00000000000000000011111000000000
00000000000000000011111000000000
00000000000000000011111000000000
00000000000000000011111000000000
00000000000000000111111000000000
00000000000000001111100000000000
00000000000000001111110000000000
00000000001111111111110000000000
00000000011111111111100000000000
00000000011111111111000000000000
00000000011111111110000000000000
00000000001111111110000000000000
00000000000011100000000000000000
 0
00000000000000111000000000000000
00000000000111111100000000000000
00000000001111111110000000000000
00000000000111111111000000000000
00000000011111111111100000000000
00000000111111111111100000000000
00000000011111111111110000000000
00000000111111100111110000000000
00000000111111000011110000000000
00000000111110000001111000000000
00000000111110000001111000000000
00000001111110000001111000000000
00000000011111000001111100000000
00000000001111000001111000000000
00000000000000000011111000000000
00000000000000000011111000000000
00000000000000000111110000000000
00000000000000001111100000000000
00000000000000000111110000000000
00000000000000001111100000000000
00000000000000001111100000000000
00000000000000001111100000000000
00000000000000011111000000000000
00000000000000111111000000000000
00000000000001111111000011110000
00000000000011111111111111110000
00000000001111111111111111111000
00000000000111111111111111111100
00000000000111111111111111111100
00000000001111111111111111111100
00000000000111111111111111111000
00000000000011110000000000000000
 0
00000000000001111111000000000000
00000000000111111111100000000000
00000000001111111111110000000000
00000000011111111111111000000000
00000000011111111111111000000000
00000001111111111111111000000000
00000011111111111111110000000000
00000011111111111111111000000000
00000011111111111111111000000000
00000111111111111111110000000000
00000011111111111111110000000000
00000001111111111111110000000000
00000000011111111111110000000000
00000000000011111111110000000000
00000000000111111111110000000000
00000000000011111111000000000000
00000000000011111111000000000000
00000000000011111111000000000000
00000000000111111111000000000000
00000000000111111111000000000000
00000000000111111111000000000000
00000000001111111111000000000000
00000000001111111111100000000000
00000000011111111111100000000000
00000000011111111111111100000000
00000000011111111111100000000000
00000000011111111111111110000000
00000000001111111111111110000000
00000000001111111111111110000000
00000000001111111111111110000000
00000000000111111110000000000000
00000000000010000000000000000000
 0
00000000000000000000010000000000
00000000000000000011110000000000
00000000000100001111111000000000
00000000111111011111111100000000
00000000111111111111111100000000
00000001111111111111111100000000
00000001111111111111111000000000
00000011111110000011110000000000
00000001111100000001111000000000
00000001111000000011110000000000
00000001111000000011110000000000
00000001111100000111100000000000
00000001111110001111000000000000
00000000111111111111000000000000
00000000011111111111000000000000
00000000001111111110000000000000
00000000000001111111000000000000
00000000000001111111000000000000
00000000000011111111000000000000
00000000000011111111100000000000
00000000001111110011100000000000
00000000011111110011100000000000
00000000111111100011100000000000
00000000111111000011110000000000
00000001111110000011110000000000
00000000111111000001111000000000
00000000011111100011111000000000
00000000001111110111110000000000
00000000000111111111110000000000
00000000000111111111110000000000
00000000000001111111110000000000
00000000000000111111000000000000
 0
00000000000000000000000000000000
00000000000000111111100000000000
00000000001111111111111000000000
00000000011111111111111000000000
00000000001111111111111100000000
00000000111111111111111100000000
00000000111111111111111100000000
00000001111111111111111100000000
00000111111110000011111100000000
00000011111111000001111100000000
00000111111110000001111100000000
00000111111100000111111000000000
00000011111100000011111000000000
00000011111000000111111000000000
00000001111100000111111100000000
00000000010000000111111100000000
00000000000000001111111000000000
00000000000000011111111000000000
00000000000000111111110000000000
00000000000000111111100000000000
00000000000001111111100000000000
00000000000001111111000000000000
00000000000111111110000000000000
00000000000111111100111110000000
00000000000111111111111111100000
00000000011111111111111111110000
00000000011111111111111111110000
00000000011111111111111111110000
00000000011111111111111111110000
00000000001111111111111111111000
00000000001111111111000111110000
00000000000000000000000000000000
 0
00000000000001100000000000000000
00000000001111111100000000000000
00000000011111111110000000000000
00000000111111111111110000000000
00000000111111111111000000000000
00000001111111111111110000000000
00000001111110001111110000000000
00000000111110000011111100000000
00000000111100000001111100000000
00000001111110000011111100000000
00000001111100000011111100000000
00000000111110000001111110000000
00000000111110000001111110000000
00000000111111000111111110000000
00000000111111000111111110000000
00000000001111111111111111000000
00000000001110111111111111000000
00000000000011111111111111000000
00000000000011111110011111100000
00000000000000000000011111000000
00000000000000000000011111000000
00000000000000000000011111100000
00000000000000000000011111100000
00000000000000000000111111100000
00000000000000000000111111000000
00000000000110000111111111000000
00000000001111111111111110000000
00000000001111111111111110000000
00000000011111111111111100000000
00000000011111111111110000000000
00000000000111111111110000000000
00000000000010000000000000000000
 0
00000000000111111100000000000000
00000000011111111111000000000000
00000000011111111111111000000000
00000000111111111111111110000000
00000001111111111111111110000000
00000011111110011111111110000000
00000011111110000111111110000000
00000011111000000011111110000000
00000111111000000001111110000000
00000111110000000001111110000000
00000011111000000001111111000000
00000011111100000011111111000000
00000001111100000111111111000000
00000001111111111111111111000000
00000001111111111111111111000000
00000000111111111111111111000000
00000000001111111111111111000000
00000000000000001100111111000000
00000000000000000000111110000000
00000000000000000001111110000000
00000000000000000001111110000000
00000000000000000001111110000000
00000000000000000001111110000000
00000000000000000000111110000000
00000000000000000001111110000000
00000000000111000001111110000000
00000000011111111111111100000000
00000000011111111111111000000000
00000000011111111111111000000000
00000000011111111111111000000000
00000000011111111111000000000000
00000000001111111100000000000000
 0
00000000000011100000000000000000
00000000000111111111000000000000
00000000001111111111100000000000
00000000001111111111110000000000
00000000001111111111110000000000
00000000001111111111100000000000
00000000001111000011000000000000
00000000011111000000000000000000
00000000011111000000000000000000
00000000111110000000000000000000
00000000111110000000000000000000
00000000011111000000000000000000
00000000011111111111000000000000
00000000111111111111000000000000
00000000111111111111100000000000
00000000111111111111110000000000
00000000111111111111110000000000
00000000011111111111110000000000
00000000000000000001111000000000
00000000000000000001111000000000
00000000000000000001111000000000
00000000000000000011111000000000
00000000000000000001111100000000
00000000000000000001111000000000
00000000000000011111111000000000
00000000000010111111111000000000
00000000001111111111111000000000
00000000001111111111110000000000
00000000000111111111100000000000
00000000001111111111100000000000
00000000001111111110000000000000
00000000000111110000000000000000
 0